drugs name,6-azauridine,Abacavir,Acyclovir,Alisporivir,amantadine,Amikacin,amiloride,amiodarone,amodiaquine,Ampicillin,Anidulafungin,anisomycin,Apigenin,Aprepitant,Astemizole,Asunaprevir,Atazanavir,Baloxavir marboxil,BCX4430,berberine,betulinic acid,Bictegravir,Bleomycin,Boceprevir,Bortezomib,Camostat,Camphor,Capreomycin,Carfilzomib,Carvedilol,Ceforanide,Cefotiam,Cenicriviroc,Censavudine,Chloroquine,Chlorphenoxamine ,Chlorthalidone,Ciclosporin A,Clomifene,Clomipramine hydrochloride,Cobicistat,Colchicine,Cyclosporin A,Dabigatran etexilate,Daclatasvir,Dactinomycin,Darunavir,Dasatinib,Didanosine,Diosmin,Disulfiram,Dolutegravir,Doxycycline,Ebselen,Efavirenz,Elbasvir,Eltrombopag,Elvitegravir,Emetine,Emodin,Emtricitabine,Eplerenone,Equilin,etacrynic acid,Etravirine,Felypressin,Fenoterol,Flavin adenine dinucleotide,Fluphenazine,Fluspirilene,Fosamprenavir,Ganciclovir,Gemcitabine,Glecaprevir,methylprednisolone,Glycyrrhizic acid,Gonadorelin,Grazoprevir,Hexachlorophene,Hydrocortisone,hydroxychloroquine,imatinib,Indinavir,inulin,Irbesartan,isatin,Lamivudine,Laninamivir,Lapatinib,Ledipasvir,Letermovir,Lomitapide,Loperamide,Lopinavir,Maraviroc,Maribavir,Mefloquine,Melatonin,memantine,Mercaptopurine,Mesalazine,Mizoribine,Monensin sodium,Montelukast,Moxifloxacin,Mycophenolate mofetil,Mycophenolic acid,Myricetin,Nelfinavir,Nevirapine,Niclosamide,NIM811,Nitazoxanide,Nystatin,Omacetaxine mepesuccinate,Oseltamivir,Oxymetholone,Paroxetine,Pentoxifylline,Peramivir,Phenazopyridine,Phenothiazine,Pibrentasvir,Piperacillin,Plicamycin,Presatovir,Promethazine hydrochloride,Propericiazine,PX-12,Pyrvinium pamoate,quercetin,Quinacrine,raloxifene,Raltegravir,Raltitrexed,Ramipril,Remdesivir,resveratrol,Ribavirin,Rifabutin,Rilpivirine,Rimantadine,Ritonavir,Saquinavir,saracatinib,Simeprevir,Sirolimus,Sofosbuvir,stavudine,sulfamethoxazole,Tacrolimus,Tamoxifen,Tenofovir (TFV),Tenofovir alafenamide,Tenofovir disoproxil,terconazole,Terlipressin,Thiothixene,Tideglusib,Tipranavir,Toremifene,Triflupromazine hydrochloride,Trimethoprim,Trovafloxacin,Udenafil,Umifenovir,Valaciclovir,Valganciclovir,Valinomycin,Valrubicin,Vancomycin,Vapreotide,Velpatasvir,Voxilaprevir,Ximelagatran,Zanamivir,Zidovudine,Penciclovir,docosanol,Pleconaril,Rupintrivir,pirodavir,suramin,ginsenosides,favipiravir,azathioprine,prednisone,Cholesterol,BVdU,Clevudine,Chlorpromazine,Ouabain,Telaprevir,Posaconazole,clarithromycin,artemisinin,sulfadoxine,Quinine,Piperaquine,Artemether,Artesunate,Pimodivir,Azithromycin
6-azauridine,1,0.09434,0.13483,0.057252,0.035294,0.13194,0.043956,0.051471,0.049587,0.11009,0.088803,0.12371,0.087379,0.097222,0.054054,0.078212,0.053763,0.089744,0.18478,0.040323,0.058394,0.12403,0.089347,0.062937,0.080645,0.0625,0.049383,0.05102,0.046875,0.058824,0.1,0.094203,0.052632,0.16667,0.044248,0.045455,0.084112,0.057692,0.037037,0.04386,0.06,0.0625,0.057692,0.056497,0.072165,0.057143,0.086667,0.06383,0.15385,0.16779,0.010309,0.112,0.14754,0.061856,0.07619,0.061674,0.072464,0.085271,0.075862,0.1,0.14943,0.11111,0.07619,0.081633,0.03876,0.062241,0.073394,0.25625,0.044118,0.053333,0.11565,0.13978,0.1954,0.080402,0.13158,0.1164,0.057762,0.089947,0.057143,0.13393,0.052174,0.051282,0.088757,0.015267,0.06383,0.10127,0.15294,0.12264,0.055556,0.067265,0.062112,0.042105,0.047945,0.068966,0.073333,0.24742,0.058333,0.072165,0.010989,0.0625,0.075949,0.33333,0.08284,0.04878,0.10484,0.075188,0.092593,0.092593,0.076923,0.086538,0.056075,0.057692,0.085714,0.093897,0.085526,0.084906,0.089286,0.08547,0.11111,0.10476,0.040816,0.042553,0.056391,0.1,0.087137,0.068027,0.046296,0.064516,0.060976,0.029851,0.09434,0.046512,0.061644,0.091603,0.099237,0.09375,0.16892,0.061224,0.30769,0.12755,0.030303,0.033333,0.05914,0.071823,0.056604,0.086486,0.099057,0.232,0.20482,0.072917,0.11053,0.037879,0.14894,0.080292,0.093525,0.073826,0.058182,0.052239,0.076923,0.074534,0.037037,0.042373,0.065421,0.094488,0.097902,0.0625,0.11215,0.11712,0.053279,0.12791,0.088525,0.05618,0.085586,0.089552,0.085714,0.12621,0.21348,0.12766,0.016529,0.056452,0.080247,0.072,0.035842,0.059701,0.089744,0.067961,0.12389,0.072,0.24138,0.31646,0.045045,0.14286,0.072626,0.074074,0.12281,0.076923,0.065421,0.086957,0.037736,0.064815,0.091667,0.094488,0.10983
Abacavir,0.09434,1,0.2069,0.0369,0.095238,0.070513,0.125,0.057554,0.10084,0.10619,0.067164,0.10784,0.074074,0.094595,0.15108,0.11299,0.06383,0.0875,0.20213,0.081301,0.064286,0.15504,0.077181,0.083333,0.086614,0.076923,0.072289,0.071918,0.056701,0.072464,0.12857,0.13139,0.079365,0.13542,0.099099,0.0625,0.081081,0.041045,0.058824,0.098214,0.08,0.09375,0.041045,0.085227,0.098446,0.075269,0.12081,0.15789,0.28235,0.072289,0.009901,0.13492,0.090909,0.080808,0.11429,0.09375,0.078014,0.082707,0.11111,0.075472,0.1954,0.082707,0.14706,0.078431,0.1129,0.07438,0.09009,0.15169,0.10606,0.08,0.10526,0.20879,0.18681,0.11168,0.13675,0.059113,0.076087,0.11702,0.074766,0.11966,0.11607,0.12,0.10588,0.0058626,0.10791,0.083333,0.2,0.088496,0.080247,0.1,0.09375,0.091892,0.090278,0.079545,0.13793,0.15741,0.13913,0.090909,0.054945,0.098765,0.1125,0.18681,0.0625,0.079755,0.1371,0.072993,0.06087,0.070175,0.13158,0.15842,0.083333,0.041045,0.092593,0.077273,0.097403,0.081818,0.095652,0.11966,0.1068,0.081081,0.11579,0.073684,0.079545,0.11268,0.055556,0.14184,0.083333,0.13333,0.070588,0.059701,0.071429,0.085938,0.089041,0.11364,0.088235,0.13386,0.12025,0.08,0.16484,0.092233,0.09375,0.089888,0.069149,0.13143,0.13158,0.1326,0.092166,0.097222,0.18182,0.11458,0.085859,0.06015,0.19149,0.15152,0.1223,0.10811,0.068841,0.090226,0.07438,0.079268,0.058824,0.076271,0.14563,0.144,0.12587,0.076923,0.14953,0.16364,0.027559,0.093923,0.053292,0.059259,0.1036,0.10945,0.1223,0.090909,0.15464,0.19565,0.024194,0.097561,0.084848,0.1405,0.03169,0.073529,0.12658,0.12871,0.14912,0.095238,0.15464,0.13684,0.081081,0.095541,0.11364,0.095238,0.059459,0.084112,0.13462,0.17273,0.097403,0.072072,0.08,0.20168,0.059459
Acyclovir,0.13483,0.2069,1,0.047244,0.013158,0.055556,0.13514,0.090909,0.10476,0.078431,0.058594,0.088889,0.086022,0.097015,0.090226,0.05814,0.075581,0.067114,0.18072,0.053571,0.015152,0.080645,0.066202,0.029197,0.088496,0.086957,0.042254,0.056738,0.043956,0.10833,0.11719,0.13821,0.092486,0.14634,0.10309,0.083333,0.10526,0.047619,0.084034,0.090909,0.074866,0.068376,0.047619,0.10692,0.070652,0.051661,0.085714,0.13008,0.27027,0.065359,0.035714,0.084746,0.075,0.095238,0.085106,0.055046,0.07874,0.11207,0.074074,0.087912,0.18667,0.057377,0.085106,0.11765,0.098214,0.056034,0.081633,0.14458,0.10084,0.088889,0.085106,0.46154,0.1625,0.0625,0.072727,0.036269,0.06015,0.071429,0.075269,0.074074,0.13402,0.085106,0.074534,0.0050847,0.112,0.11765,0.17568,0.08,0.088435,0.060748,0.073826,0.056497,0.075758,0.086957,0.071429,0.11111,0.09434,0.12048,0.0125,0.12121,0.12121,0.14815,0.036145,0.080537,0.095652,0.10924,0.11458,0.080808,0.068027,0.13333,0.073684,0.047619,0.095745,0.032558,0.084507,0.083333,0.04717,0.074074,0.16471,0.05,0.10976,0.074074,0.050584,0.075188,0.03719,0.081481,0.073684,0.09009,0.085714,0.049587,0.082474,0.097345,0.090909,0.10924,0.13675,0.075,0.11724,0.068966,0.1519,0.06599,0.077586,0.012346,0.081395,0.08284,0.090278,0.079545,0.052133,0.091603,0.15584,0.10843,0.058201,0.086207,0.25974,0.17094,0.16529,0.087591,0.052632,0.07438,0.084906,0.087248,0.084034,0.087379,0.14444,0.10345,0.14961,0.10619,0.58824,0.50667,0.029289,0.070175,0.04902,0.050388,0.069767,0.072165,0.084615,0.071429,0.14118,0.58333,0.056604,0.1215,0.086093,0.12844,0.02583,0.023438,0.1746,0.13793,0.084112,0.051282,0.14118,0.14815,0.09375,0.060811,0.052326,0.090909,0.04023,0.030612,0.13187,0.096154,0.084507,0.0097087,0.043478,0.10345,0.04023
Alisporivir,0.057252,0.0369,0.047244,1,0.012,0.061489,0.019608,0.069444,0.054152,0.055351,0.192,0.041825,0.041353,0.059016,0.045603,0.075075,0.074405,0.070288,0.045802,0.038869,0.047297,0.072664,0.12354,0.074576,0.052817,0.037931,0.028807,0.18204,0.092537,0.054608,0.07047,0.07483,0.08631,0.050584,0.059925,0.029412,0.04461,0.84874,0.040956,0.040293,0.067989,0.063604,0.84874,0.069909,0.093842,0.29859,0.071895,0.053512,0.042471,0.083067,0.039526,0.074205,0.085409,0.02682,0.02963,0.10027,0.064626,0.08156,0.080808,0.061776,0.039216,0.051724,0.041199,0.042308,0.041812,0.14092,0.048327,0.10241,0.047782,0.048701,0.064725,0.050388,0.03861,0.082621,0.057554,0.074286,0.10896,0.091176,0.045455,0.046595,0.059259,0.047771,0.067278,0.013393,0.057047,0.037037,0.035433,0.04797,0.056604,0.10109,0.059937,0.049133,0.035831,0.090062,0.061889,0.063197,0.035461,0.03861,0.011811,0.020408,0.020408,0.03861,0.10127,0.059748,0.06338,0.073171,0.067925,0.052045,0.063898,0.045113,0.033457,0.86441,0.02952,0.061333,0.061093,0.060606,0.047445,0.031802,0.082677,0.060377,0.015209,0.01938,0.093137,0.09622,0.10622,0.055738,0.041199,0.042105,0.032787,0.055749,0.048507,0.071429,0.045752,0.069444,0.069204,0.062718,0.073016,0.030651,0.034884,0.1454,0.041522,0.02381,0.090361,0.068452,0.050473,0.10574,0.1339,0.085034,0.055777,0.02682,0.11905,0.037801,0.041985,0.068259,0.081911,0.05178,0.13433,0.058824,0.046763,0.073016,0.033898,0.039711,0.041045,0.062937,0.10274,0.071174,0.067669,0.074349,0.33968,0.10123,0.14781,0.16104,0.097297,0.10345,0.049669,0.048507,0.05814,0.054475,0.032258,0.049645,0.1039,0.045455,0.058275,0.058621,0.020408,0.037736,0.054152,0.07554,0.062257,0.063241,0.040741,0.063898,0.068862,0.079179,0.11912,0.049242,0.033333,0.046931,0.047619,0.044776,0.057143,0.048276,0.11563
amantadine,0.035294,0.095238,0.013158,0.012,1,0.045113,0.014286,0,0,0.054348,0.036145,0.049383,0,0.030769,0.03937,0.06962,0,0.042857,0.049383,0.029412,0.09009,0.070796,0.013841,0.07563,0,0.009009,0.089286,0.036364,0.035088,0,0.031746,0.03252,0.017341,0.025316,0,0,0.022222,0.016194,0,0.021505,0.021739,0.027523,0.016194,0.0061728,0.045455,0.038168,0.05303,0.032787,0.051948,0.020408,0,0.045455,0.045045,0,0.047059,0.043269,0,0,0.081967,0,0.055556,0.10476,0.098765,0,0.0091743,0.040359,0,0.023121,0.035088,0.046875,0.037037,0.012346,0.066667,0.067039,0.10526,0.0625,0.030651,0.076923,0,0.11957,0,0.029412,0.045752,0.0034217,0.041322,0,0.057143,0.043956,0,0.059406,0.035211,0.035714,0.040323,0.018868,0.096,0.031915,0.05102,0,0.30769,0,0.016667,0.052632,0.089041,0.02069,0.086538,0.04386,0.010753,0,0.074627,0.034884,0,0.016194,0,0.082902,0.068182,0.05814,0.11364,0.061856,0,0.069767,0.012987,0,0.03629,0.048387,0.0625,0.072581,0,0.048544,0,0,0,0,0.039683,0,0,0.074074,0.034722,0,0.054054,0.042328,0,0.60465,0,0.069182,0.051095,0.079268,0.066327,0.031746,0.027027,0.012821,0.074713,0,0.012048,0.0081301,0.007874,0.054264,0.034884,0.035398,0,0.013605,0,0,0.011236,0.055046,0.031008,0,0.010638,0.010101,0.013043,0.055901,0.026667,0.02381,0.043269,0.065574,0.07563,0.045455,0.063291,0.012346,0,0,0.02027,0.047619,0,0.092593,0.016667,0,0.095745,0.1,0.063291,0.038961,0,0.099237,0.056604,0.052941,0.063291,0.1,0.011236,0.086022,0.044444,0.096386,0.080808,0.064815,0.070064
Amikacin,0.13194,0.070513,0.055556,0.061489,0.045113,1,0.05036,0.048649,0.028902,0.075,0.12881,0.088435,0.031646,0.045,0.035,0.056277,0.055556,0.047393,0.10345,0.028571,0.071038,0.071038,0.20656,0.062827,0.057143,0.050562,0.022556,0.10092,0.058824,0.054054,0.084656,0.074468,0.050209,0.04,0.04321,0.018405,0.018293,0.061889,0.032432,0.024096,0.056225,0.050562,0.061889,0.048458,0.040161,0.061162,0.091837,0.046875,0.068493,0.25,0.034722,0.055556,0.091429,0.0065359,0.025,0.042857,0.031088,0.055249,0.050761,0.025478,0.078571,0.061111,0.031447,0.046667,0.016484,0.092527,0.056604,0.125,0.037634,0.034653,0.080402,0.068027,0.10714,0.059761,0.097561,0.24171,0.061728,0.06639,0.018868,0.085366,0.055215,0.028708,0.087963,0.046102,0.030769,0.0072993,0.07971,0.11842,0.037383,0.047101,0.042254,0.046218,0.035533,0.06278,0.070707,0.14667,0.028902,0.047297,0.021429,0,0.046154,0.19231,0.13592,0.056872,0.050279,0.071823,0.06962,0.049689,0.073529,0.018634,0.031447,0.061889,0.03125,0.20851,0.08,0.12162,0.048485,0.040936,0.045455,0.13605,0.013245,0,0.040752,0.067708,0.18113,0.045226,0.012346,0.039773,0.014706,0,0.04375,0.044944,0.045685,0.037433,0.059783,0.091429,0.10891,0.019737,0.18605,0.10569,0.0053763,0.051095,0.055319,0.074561,0.042857,0.058824,0.10506,0.084656,0.06338,0.026667,0.11489,0.027322,0.05298,0.05291,0.057292,0.039409,0.089172,0.021277,0.011429,0.046729,0.032432,0.017544,0.03125,0.061453,0.045226,0.044693,0.069182,0.080247,0.054795,0.12903,0.1821,0.07767,0.054152,0.071429,0.074074,0.12838,0.096552,0.075342,0.035714,0.034091,0.066038,0.057143,0.030303,0.066298,0.038168,0.00625,0.065868,0.075581,0.11189,0.12319,0.018293,0.23034,0.070485,0.045267,0.18537,0.058442,0.03125,0.053892,0.018868,0.077922,0.10976,0.055556,0.19118
amiloride,0.043956,0.125,0.13514,0.019608,0.014286,0.05036,1,0.058824,0.078431,0.083333,0.035156,0.057471,0.055556,0.044444,0.05303,0.073171,0.059172,0.047945,0.10843,0.037037,0.032258,0.07563,0.075269,0.054688,0.093458,0.13333,0.030303,0.061818,0.039548,0.040984,0.096,0.11667,0.057803,0.047619,0.086022,0.053763,0.087912,0.019763,0.060345,0.0625,0.065574,0.072072,0.019763,0.089744,0.061111,0.05283,0.065693,0.12712,0.073171,0.032895,0.025316,0.079646,0.078947,0.061728,0.078652,0.061611,0.07377,0.078947,0.02963,0.056818,0.12162,0.051282,0.054945,0.12658,0.11429,0.057522,0.052632,0.069767,0.033058,0.036765,0.065217,0.12658,0.0875,0.07027,0.046729,0.031915,0.053435,0.073864,0.068182,0.047619,0.083333,0.088889,0.063694,0,0.055556,0.076923,0.094595,0.12088,0.069444,0.0625,0.054795,0.05848,0.070866,0.05625,0.066667,0.094737,0.057692,0.10127,0.013514,0.079365,0.13333,0.11538,0.018405,0.076389,0.061947,0.067797,0.086022,0.052083,0.070922,0.078652,0.12941,0.019763,0.12791,0.023697,0.057143,0.076923,0.029412,0.037736,0.094118,0.11236,0.14865,0.051948,0.051793,0.070312,0.029412,0.11111,0.043478,0.036036,0.029412,0.034188,0.053191,0.082569,0.053435,0.125,0.10435,0.051282,0.090909,0.048193,0.1039,0.040816,0.072072,0.013333,0.071429,0.08589,0.06338,0.069767,0.023697,0.053846,0.050633,0.11688,0.031915,0.052632,0.10976,0.11017,0.097561,0.059259,0.049808,0.042017,0.048077,0.04698,0.060345,0.039216,0.14118,0.089286,0.068702,0.0625,0.14607,0.1383,0.021277,0.053571,0.046512,0.051587,0.056604,0.068783,0.071429,0.1,0.045977,0.12658,0,0.065421,0.07483,0.083333,0.038168,0.0080645,0.21429,0.081395,0.057692,0.0086207,0.045977,0.048193,0.064516,0.02027,0.054217,0.039106,0.017442,0.021505,0.11494,0.048544,0.057143,0,0.036364,0.099099,0.011561
amiodarone,0.051471,0.057554,0.090909,0.069444,0,0.048649,0.058824,1,0.24409,0.13433,0.12186,0.12,0.18182,0.13174,0.15432,0.098039,0.135,0.1686,0.052632,0.17647,0.035294,0.11392,0.090909,0.039773,0.14583,0.15172,0.045045,0.0625,0.13725,0.19863,0.14198,0.10976,0.19689,0.079365,0.2735,0.19672,0.15748,0.066202,0.29545,0.20968,0.15714,0.16783,0.066202,0.23864,0.10648,0.068627,0.15476,0.15287,0.0625,0.14525,0.12174,0.14094,0.14,0.16522,0.090909,0.12397,0.17763,0.20423,0.12651,0.128,0.056452,0.075472,0.10769,0.14167,0.15385,0.11673,0.13846,0.10476,0.16107,0.13855,0.15385,0.07874,0.062992,0.11312,0.081081,0.047619,0.11724,0.097222,0.10078,0.060403,0.22581,0.14706,0.13757,0.0073831,0.20667,0.14563,0.066116,0.071429,0.17442,0.10246,0.15429,0.145,0.15,0.16667,0.12941,0.093525,0.1049,0.18421,0.016529,0.045045,0.11538,0.062992,0.054187,0.18713,0.11258,0.14474,0.14615,0.1374,0.13714,0.125,0.152,0.06993,0.16,0.060241,0.13295,0.1145,0.040816,0.12857,0.128,0.072993,0.13675,0.14159,0.087108,0.14198,0.07326,0.12575,0.17073,0.15603,0.063063,0.18182,0.16667,0.29688,0.19231,0.15232,0.16667,0.15541,0.17241,0.125,0.055556,0.095652,0.13605,0.0081301,0.15152,0.125,0.13714,0.12077,0.081967,0.14907,0.082645,0.12605,0.061404,0.22628,0.077519,0.16234,0.095808,0.12353,0.10653,0.17808,0.16296,0.2,0.21277,0.20312,0.14173,0.14094,0.19745,0.25564,0.11111,0.099291,0.047273,0.15385,0.09009,0.1259,0.13333,0.10132,0.10909,0.057554,0.061069,0.07874,0.084507,0.2,0.14444,0.17857,0.09215,0.035928,0.06422,0.076336,0.082192,0.057692,0.05303,0.062992,0.21488,0.047368,0.066986,0.13043,0.051887,0.043796,0.13281,0.10638,0.13295,0.035461,0.065789,0.1039,0.046948
amodiaquine,0.049587,0.10084,0.10476,0.054152,0,0.028902,0.078431,0.24409,1,0.10569,0.10821,0.12727,0.22115,0.15333,0.1875,0.13043,0.15934,0.13497,0.087719,0.16129,0.019108,0.11111,0.064103,0.02454,0.16406,0.19841,0.030928,0.045161,0.10204,0.20455,0.12667,0.10667,0.17486,0.081081,0.51136,0.2381,0.19091,0.050725,0.25,0.26415,0.12935,0.13534,0.050725,0.21687,0.12626,0.050676,0.15584,0.18705,0.081081,0.13855,0.097087,0.14925,0.13139,0.16832,0.13274,0.11304,0.21642,0.20155,0.11765,0.15741,0.064815,0.040268,0.13274,0.14151,0.21138,0.092742,0.22222,0.1134,0.15441,0.1457,0.15484,0.1,0.072072,0.090047,0.066667,0.027273,0.11191,0.08867,0.14545,0.051852,0.46237,0.22603,0.15029,0.0033113,0.18705,0.1087,0.07619,0.055118,0.24832,0.11947,0.16981,0.12698,0.19149,0.14857,0.1,0.15254,0.11811,0.17822,0.019048,0.075269,0.14943,0.072072,0.03125,0.24667,0.093525,0.097222,0.11765,0.13675,0.15094,0.16364,0.29293,0.054545,0.13158,0.050847,0.097561,0.083333,0.037879,0.15447,0.10619,0.065041,0.15842,0.16495,0.096296,0.11184,0.057252,0.17808,0.18519,0.16667,0.1087,0.19531,0.18018,0.40187,0.18881,0.16176,0.21374,0.11511,0.1677,0.20202,0.054054,0.082569,0.26891,0.0093458,0.14595,0.14208,0.16561,0.1134,0.073593,0.11921,0.084906,0.16832,0.046296,0.1875,0.098214,0.13986,0.077419,0.19863,0.092857,0.17293,0.175,0.22078,0.18321,0.2,0.16216,0.14074,0.14667,0.208,0.098361,0.10317,0.034221,0.1117,0.10863,0.11236,0.13274,0.093458,0.11333,0.048,0.060345,0.1,0.045455,0.14062,0.13772,0.17323,0.10545,0.032895,0.086957,0.096491,0.075758,0.056738,0.051282,0.0625,0.27184,0.039773,0.06701,0.15344,0.040201,0.024194,0.17273,0.18644,0.28571,0.015625,0.035461,0.12409,0.035
Ampicillin,0.11009,0.10619,0.078431,0.055351,0.054348,0.075,0.083333,0.13433,0.10569,1,0.10227,0.16832,0.11009,0.11333,0.11486,0.13483,0.15819,0.15484,0.082569,0.086614,0.1,0.13235,0.083056,0.1338,0.23276,0.16,0.10588,0.063545,0.16667,0.13333,0.25385,0.19403,0.094241,0.12871,0.11404,0.15888,0.19048,0.055762,0.14615,0.14286,0.15104,0.14173,0.055762,0.13953,0.11856,0.09319,0.2028,0.13571,0.096154,0.10241,0.038835,0.16535,0.17323,0.19149,0.099099,0.13636,0.16296,0.16406,0.078431,0.10185,0.11224,0.12879,0.15094,0.15,0.1,0.13734,0.125,0.099476,0.11852,0.14384,0.18493,0.084906,0.14141,0.16667,0.15966,0.11111,0.11439,0.12565,0.043478,0.14286,0.12069,0.10897,0.21384,0.0041632,0.12766,0.18519,0.1383,0.17431,0.084337,0.11261,0.125,0.13736,0.16547,0.18182,0.21429,0.11111,0.096774,0.14141,0.074468,0.044444,0.16049,0.11881,0.072626,0.16026,0.12308,0.085714,0.10435,0.076271,0.20408,0.14019,0.14019,0.055762,0.23,0.095023,0.11538,0.15888,0.11017,0.088,0.11215,0.16822,0.16842,0.16304,0.09434,0.56731,0.071146,0.14483,0.18447,0.1371,0.066667,0.13953,0.10619,0.099237,0.10067,0.16031,0.18605,0.2735,0.19737,0.097087,0.11,0.11111,0.090226,0.085106,0.16384,0.19412,0.079268,0.1413,0.09009,0.24427,0.13542,0.14286,0.078431,0.14961,0.093458,0.18939,0.11034,0.097403,0.12782,0.14504,0.17391,0.17419,0.14615,0.14783,0.069565,0.16535,0.10667,0.17886,0.12281,0.12712,0.047244,0.14045,0.11075,0.14118,0.15207,0.12871,0.16667,0.16822,0.11429,0.084906,0.015385,0.052632,0.14286,0.12598,0.07971,0.070922,0.093023,0.072072,0.17241,0.091603,0.10377,0.11881,0.15741,0.079268,0.11667,0.092784,0.074866,0.09009,0.13889,0.13559,0.060976,0.059829,0.12,0.12121,0.069149
Anidulafungin,0.088803,0.067164,0.058594,0.192,0.036145,0.12881,0.035156,0.12186,0.10821,0.10227,1,0.11155,0.128,0.11565,0.16014,0.1135,0.15094,0.14478,0.073077,0.083333,0.067797,0.125,0.15677,0.084175,0.10545,0.13755,0.040816,0.16262,0.1311,0.13357,0.1134,0.095563,0.24579,0.061776,0.090909,0.096154,0.087452,0.19303,0.16981,0.094697,0.1403,0.11273,0.19303,0.16667,0.2233,0.20725,0.14828,0.10727,0.057692,0.17406,0.03876,0.13187,0.13971,0.079051,0.05597,0.1913,0.15217,0.12727,0.11263,0.09375,0.046512,0.080139,0.092664,0.07393,0.085714,0.18663,0.13439,0.15576,0.098592,0.16312,0.14384,0.061538,0.057915,0.13905,0.11152,0.12722,0.16625,0.14985,0.060377,0.087912,0.089888,0.16783,0.17219,0.022438,0.14695,0.061983,0.05098,0.078358,0.14815,0.19648,0.13667,0.17949,0.13732,0.18272,0.12203,0.093985,0.072202,0.087302,0.027451,0.028226,0.058091,0.07874,0.1278,0.14765,0.10432,0.098246,0.086792,0.099237,0.14966,0.080153,0.092664,0.19303,0.075758,0.16474,0.10197,0.08365,0.061818,0.11236,0.089494,0.091603,0.058366,0.067729,0.15345,0.14085,0.16442,0.10847,0.088462,0.11029,0.040486,0.10791,0.10853,0.12132,0.23106,0.11388,0.12143,0.12319,0.14333,0.096,0.066667,0.17771,0.085106,0.047809,0.13975,0.15924,0.10458,0.15937,0.16812,0.14085,0.067194,0.066406,0.14414,0.17176,0.057034,0.11189,0.084175,0.13793,0.20366,0.10676,0.11698,0.14716,0.16541,0.085185,0.055762,0.11151,0.13149,0.11273,0.086466,0.088889,0.17956,0.18182,0.255,0.28409,0.20175,0.15089,0.11806,0.083333,0.069231,0.061538,0.042705,0.082734,0.15,0.16031,0.16203,0.064846,0.036585,0.044776,0.091912,0.093525,0.077519,0.07874,0.087452,0.13423,0.11385,0.18413,0.11385,0.064151,0.075758,0.10902,0.11296,0.063433,0.082734,0.088028,0.11728
anisomycin,0.12371,0.10784,0.088889,0.041825,0.049383,0.088435,0.057471,0.12,0.12727,0.16832,0.11155,1,0.12371,0.13139,0.19531,0.12426,0.13529,0.14384,0.12766,0.13514,0.092308,0.10938,0.075342,0.071942,0.13913,0.22018,0.078947,0.047945,0.1,0.14634,0.11852,0.096296,0.12571,0.12088,0.1165,0.14286,0.13,0.046154,0.15126,0.13725,0.1,0.17699,0.046154,0.10843,0.12022,0.057762,0.17647,0.12214,0.12088,0.14765,0.043956,0.14286,0.14167,0.1236,0.11111,0.10698,0.12403,0.15126,0.14179,0.091837,0.10227,0.11382,0.14583,0.14444,0.11017,0.095238,0.16327,0.1,0.10317,0.099291,0.16667,0.084211,0.13483,0.092784,0.16667,0.089005,0.090226,0.12778,0.058824,0.14815,0.12381,0.14184,0.15287,0.0067454,0.13953,0.13514,0.13095,0.14851,0.098039,0.10849,0.17483,0.089385,0.13636,0.12963,0.12857,0.11321,0.11712,0.27848,0.047059,0.064935,0.15493,0.13483,0.090909,0.11921,0.15517,0.12,0.13861,0.074766,0.14583,0.13402,0.14583,0.046154,0.15625,0.084906,0.14085,0.15464,0.091743,0.18095,0.10309,0.13,0.11236,0.13095,0.090196,0.14394,0.079167,0.11594,0.13402,0.13158,0.090909,0.097561,0.097087,0.16814,0.15152,0.16667,0.16529,0.17094,0.16438,0.12222,0.125,0.14737,0.099174,0.058824,0.10857,0.13018,0.1,0.125,0.095238,0.18898,0.14118,0.13636,0.10053,0.15517,0.09375,0.13281,0.087591,0.13768,0.095057,0.12195,0.11818,0.11111,0.15126,0.1215,0.13265,0.13333,0.10791,0.13675,0.11538,0.12037,0.036735,0.1369,0.085809,0.10714,0.11215,0.125,0.18254,0.11881,0.12903,0.072917,0.025641,0.07563,0.15436,0.21296,0.059259,0.085938,0.093333,0.080808,0.14815,0.091667,0.1413,0.13483,0.13,0.1,0.08,0.11732,0.092486,0.079208,0.18085,0.20792,0.08,0.076923,0.11304,0.12397,0.086207
Apigenin,0.087379,0.074074,0.086022,0.041353,0,0.031646,0.055556,0.18182,0.22115,0.11009,0.128,0.12371,1,0.1791,0.13043,0.072222,0.11364,0.15646,0.09,0.18349,0.021127,0.14173,0.056667,0.0066225,0.11667,0.13333,0.036585,0.036913,0.080645,0.16129,0.11594,0.070922,0.13636,0.10526,0.12381,0.13861,0.22105,0.041667,0.12,0.16667,0.092784,0.16239,0.041667,0.11976,0.12432,0.057143,0.11644,0.13636,0.09375,0.31818,0,0.16807,0.18644,0.19767,0.13,0.12617,0.22314,0.18644,0.10638,0.3253,0.086957,0.052632,0.18947,0.10417,0.17544,0.084746,0.36047,0.1105,0.14516,0.13669,0.12329,0.092784,0.10638,0.085859,0.084034,0.044554,0.1015,0.084211,0.16842,0.067227,0.13084,0.15493,0.10843,0.0033529,0.1811,0.16,0.10112,0.0625,0.1958,0.12264,0.15541,0.13143,0.125,0.12048,0.073333,0.12037,0.11404,0.13043,0,0.0625,0.19718,0.094737,0.02809,0.16216,0.10484,0.091603,0.12381,0.42169,0.13514,0.15306,0.24176,0.041667,0.11765,0.063927,0.092715,0.026786,0.051724,0.16514,0.067961,0.026549,0.17241,0.18072,0.089147,0.1,0.087137,0.12143,0.15306,0.15789,0.035714,0.17949,0.50649,0.16379,0.27049,0.18182,0.17073,0.076923,0.12338,0.42466,0.073684,0.099502,0.18261,0,0.10056,0.096045,0.12752,0.1044,0.088785,0.12409,0.11111,0.18391,0.060302,0.12295,0.08,0.10448,0.041096,0.12676,0.10227,0.15574,0.17757,0.16892,0.12,0.16038,0.11765,0.16807,0.11348,0.18261,0.0625,0.068966,0.044715,0.12139,0.11785,0.10588,0.12093,0.078818,0.085714,0.06422,0.08,0.092784,0.0081967,0.13913,0.11465,0.12605,0.10305,0.014286,0.089744,0.089109,0.08547,0.022901,0.090909,0.094737,0.17172,0.056604,0.026738,0.13408,0.043478,0.037037,0.15152,0.12613,0.14583,0.0087719,0.023438,0.112,0.037838
Aprepitant,0.097222,0.094595,0.097015,0.059016,0.030769,0.045,0.044444,0.13174,0.15333,0.11333,0.11565,0.13139,0.1791,1,0.20238,0.11163,0.10502,0.18681,0.083916,0.15132,0.032432,0.15758,0.070796,0.058824,0.10429,0.11656,0.056452,0.056548,0.10762,0.14458,0.11111,0.088398,0.13889,0.11029,0.12329,0.14184,0.14894,0.062914,0.10714,0.15385,0.12664,0.1375,0.062914,0.12019,0.14932,0.082278,0.14835,0.13295,0.11852,0.1399,0.014085,0.2013,0.10059,0.1374,0.17778,0.148,0.14793,0.16981,0.13483,0.1223,0.1145,0.075145,0.13571,0.085714,0.13924,0.11029,0.17266,0.11765,0.20513,0.2,0.13514,0.10145,0.11111,0.13974,0.080247,0.053279,0.10784,0.11504,0.082759,0.067901,0.12081,0.15385,0.14428,0.0048504,0.17365,0.10833,0.10769,0.064516,0.16043,0.15447,0.24,0.20792,0.14368,0.14286,0.13115,0.12081,0.2446,0.1194,0.029851,0.065041,0.082645,0.071429,0.050459,0.15344,0.13665,0.10526,0.093333,0.11565,0.1383,0.16058,0.13571,0.062914,0.10345,0.068966,0.12234,0.073333,0.056604,0.2446,0.075862,0.045161,0.12121,0.125,0.17626,0.12994,0.076923,0.14045,0.14388,0.14839,0.072581,0.1358,0.14085,0.16026,0.14857,0.18125,0.15152,0.11377,0.13472,0.14504,0.064748,0.12185,0.1375,0.05303,0.10455,0.12676,0.14439,0.13825,0.10714,0.15607,0.12308,0.1374,0.075314,0.10909,0.092199,0.12139,0.07027,0.16384,0.09772,0.15432,0.14667,0.20994,0.10714,0.21583,0.11111,0.19355,0.14689,0.13043,0.10738,0.1039,0.059441,0.13744,0.11176,0.10067,0.15261,0.13734,0.11864,0.058824,0.10791,0.093525,0.011976,0.17219,0.18182,0.15385,0.073718,0.038674,0.065041,0.090909,0.08805,0.058824,0.1,0.11111,0.14085,0.07,0.067265,0.18009,0.057778,0.060403,0.12676,0.15541,0.14054,0.052288,0.05988,0.14198,0.057778
Astemizole,0.054054,0.15108,0.090226,0.045603,0.03937,0.035,0.05303,0.15432,0.1875,0.11486,0.16014,0.19531,0.13043,0.20238,1,0.11792,0.19403,0.21591,0.0625,0.1457,0.044199,0.14545,0.061765,0.059459,0.14103,0.20805,0.057377,0.06006,0.17788,0.23684,0.14451,0.10795,0.23232,0.071942,0.13287,0.19549,0.15108,0.049342,0.24324,0.20741,0.21327,0.13924,0.049342,0.20312,0.19431,0.082803,0.19653,0.19753,0.095588,0.11224,0.028986,0.17308,0.088757,0.176,0.10563,0.19748,0.17791,0.16456,0.13636,0.084507,0.090909,0.076023,0.13768,0.086957,0.14103,0.14943,0.16667,0.1086,0.23179,0.34667,0.1954,0.086957,0.080292,0.14602,0.08125,0.049383,0.15808,0.14155,0.068966,0.075472,0.13014,0.29193,0.23913,0.0040453,0.26797,0.11966,0.083969,0.051613,0.22857,0.16529,0.25731,0.30108,0.26282,0.21693,0.17143,0.12245,0.14,0.16535,0.046154,0.04878,0.066116,0.049645,0.050926,0.23429,0.15287,0.14724,0.10204,0.072848,0.17778,0.16296,0.12143,0.049342,0.13669,0.086275,0.12366,0.067114,0.064103,0.24818,0.1,0.038961,0.168,0.16393,0.16071,0.14451,0.058824,0.1686,0.17164,0.28467,0.048,0.19737,0.09589,0.20946,0.28387,0.19108,0.15337,0.1871,0.16667,0.12121,0.042857,0.10879,0.15385,0.045802,0.1699,0.22051,0.20455,0.14486,0.10359,0.14451,0.074627,0.12214,0.080508,0.24828,0.078014,0.1497,0.065217,0.22156,0.14334,0.23333,0.26866,0.22599,0.24324,0.19286,0.12857,0.15823,0.1686,0.16883,0.086667,0.083871,0.030822,0.12264,0.09621,0.16014,0.19247,0.13853,0.16667,0.038961,0.062937,0.086957,0.02454,0.12179,0.18378,0.24476,0.11,0.056818,0.066116,0.076923,0.096154,0.078788,0.055556,0.064748,0.19403,0.065327,0.082569,0.2602,0.044248,0.061224,0.14493,0.20714,0.22941,0.067114,0.067073,0.15823,0.048889
Asunaprevir,0.078212,0.11299,0.05814,0.075075,0.06962,0.056277,0.073171,0.098039,0.13043,0.13483,0.1135,0.12426,0.072222,0.11163,0.11792,1,0.23111,0.12556,0.067416,0.12903,0.1133,0.13568,0.12113,0.30168,0.11979,0.13021,0.070968,0.10482,0.15574,0.10837,0.12981,0.099526,0.11952,0.068966,0.14368,0.10734,0.11932,0.078788,0.078049,0.1236,0.14453,0.17935,0.078788,0.1308,0.21941,0.12537,0.14554,0.14356,0.087719,0.11842,0.034682,0.1399,0.11616,0.076023,0.1345,0.19259,0.10628,0.15104,0.16749,0.073034,0.05848,0.13333,0.14118,0.12651,0.091371,0.14626,0.081967,0.10588,0.087805,0.091324,0.15023,0.0625,0.069364,0.25957,0.12903,0.13619,0.15077,0.37321,0.054945,0.11828,0.13483,0.12385,0.17257,0.0062992,0.094787,0.076923,0.065476,0.10497,0.12,0.21293,0.14027,0.125,0.125,0.13136,0.16346,0.10989,0.12432,0.12805,0.06135,0.044025,0.077922,0.075581,0.10924,0.13964,0.15344,0.12,0.099448,0.058511,0.20874,0.12139,0.12791,0.078788,0.14035,0.097902,0.17703,0.11364,0.10326,0.10638,0.091429,0.11299,0.063953,0.059172,0.17532,0.1809,0.12459,0.20812,0.083799,0.10363,0.05,0.095,0.070652,0.16129,0.11321,0.14872,0.14796,0.18182,0.12889,0.075581,0.070175,0.13962,0.09596,0.080745,0.13934,0.22222,0.14747,0.28767,0.14599,0.14078,0.071006,0.11515,0.15415,0.079208,0.067797,0.12808,0.11483,0.14218,0.13415,0.13265,0.078125,0.12389,0.078049,0.085106,0.12717,0.12821,0.14976,0.10714,0.092896,0.090426,0.073016,0.18534,0.11924,0.11692,0.22433,0.26582,0.18878,0.082418,0.073864,0.056497,0.0049261,0.076142,0.18519,0.13757,0.10778,0.115,0.064103,0.073034,0.13043,0.10256,0.073864,0.069364,0.11299,0.096916,0.25229,0.10506,0.10081,0.090395,0.15385,0.19767,0.12844,0.094972,0.10995,0.14583,0.10526
Atazanavir,0.053763,0.06383,0.075581,0.074405,0,0.055556,0.059172,0.135,0.15934,0.15819,0.15094,0.13529,0.11364,0.10502,0.19403,0.23111,1,0.14414,0.054645,0.092308,0.050459,0.070093,0.1392,0.19797,0.26012,0.22222,0.030488,0.076712,0.28959,0.21277,0.14423,0.098131,0.17842,0.061798,0.13483,0.1988,0.12994,0.07485,0.23077,0.14045,0.29258,0.12245,0.07485,0.22624,0.2807,0.088825,0.28646,0.11429,0.055866,0.09322,0.05814,0.093137,0.098039,0.16875,0.05914,0.28458,0.16583,0.13706,0.085973,0.065934,0.045455,0.07177,0.070652,0.11765,0.095477,0.17647,0.16185,0.10465,0.11881,0.16908,0.27179,0.079545,0.050279,0.13688,0.070352,0.084559,0.19683,0.11538,0.042781,0.055,0.1326,0.19807,0.30097,0.0047059,0.17,0.10323,0.052023,0.11538,0.18605,0.24324,0.15909,0.20513,0.22165,0.33663,0.13426,0.067708,0.087629,0.11905,0.011494,0.04321,0.076433,0.05618,0.076613,0.20188,0.067633,0.091346,0.097826,0.057592,0.23529,0.10056,0.11299,0.07485,0.15789,0.078231,0.13699,0.10556,0.035176,0.098958,0.10227,0.098901,0.13415,0.14465,0.18506,0.18408,0.08125,0.090498,0.17262,0.11917,0.062112,0.1746,0.081081,0.14062,0.15459,0.17617,0.19372,0.19149,0.18433,0.093023,0.050847,0.10909,0.12245,0.011429,0.36408,0.36275,0.081545,0.11765,0.10069,0.17822,0.063584,0.10651,0.088561,0.24157,0.078652,0.18974,0.12919,0.11927,0.16822,0.13636,0.21387,0.21801,0.23077,0.14365,0.1,0.082524,0.10046,0.17021,0.10929,0.11828,0.062305,0.13008,0.13351,0.21192,0.27953,0.12639,0.15686,0.092896,0.04918,0.073446,0.024752,0.085859,0.22749,0.14136,0.1372,0.066038,0.062893,0.060109,0.076531,0.063415,0.043478,0.050279,0.14286,0.037037,0.18455,0.14343,0.07393,0.026178,0.13793,0.1117,0.11659,0.031088,0.064356,0.072115,0.061538
Baloxavir marboxil,0.089744,0.0875,0.067114,0.070288,0.042857,0.047393,0.047945,0.1686,0.13497,0.15484,0.14478,0.14384,0.15646,0.18681,0.21591,0.12556,0.14414,1,0.063694,0.16149,0.051813,0.21557,0.077586,0.071429,0.12941,0.16168,0.059259,0.073099,0.15625,0.18129,0.16484,0.11765,0.16742,0.10135,0.08642,0.15333,0.16779,0.074194,0.15116,0.16447,0.17904,0.19018,0.074194,0.16114,0.17699,0.10625,0.19459,0.16201,0.09396,0.14286,0.019608,0.24684,0.15789,0.16667,0.11039,0.19124,0.19075,0.18563,0.15054,0.12752,0.11268,0.125,0.14765,0.10811,0.13609,0.14599,0.11465,0.12609,0.20482,0.2067,0.20652,0.064935,0.10204,0.15678,0.10651,0.076,0.12862,0.13305,0.083333,0.094675,0.084848,0.18085,0.18627,0.005609,0.18857,0.14173,0.10638,0.079268,0.16837,0.16996,0.25824,0.17972,0.17877,0.19024,0.15263,0.078313,0.11446,0.11724,0.041667,0.036232,0.083333,0.072848,0.061674,0.16162,0.1747,0.17544,0.12821,0.10692,0.17098,0.14,0.13245,0.074194,0.15436,0.085821,0.14948,0.08805,0.065089,0.1859,0.11258,0.054545,0.13475,0.17293,0.17301,0.19101,0.09589,0.16216,0.17931,0.20253,0.035714,0.15976,0.12987,0.12209,0.19663,0.16185,0.14124,0.16471,0.17259,0.10959,0.066667,0.14815,0.12791,0.048611,0.13839,0.16129,0.16495,0.17195,0.13672,0.19774,0.11268,0.11806,0.12083,0.15385,0.064103,0.15084,0.10526,0.17838,0.13681,0.21341,0.20261,0.17857,0.15116,0.18301,0.10968,0.19394,0.14973,0.16867,0.099379,0.096386,0.064189,0.1831,0.11429,0.13712,0.19124,0.13992,0.14754,0.067485,0.099338,0.058065,0.011173,0.11176,0.14778,0.19255,0.098101,0.04712,0.067164,0.070064,0.12805,0.054945,0.092105,0.10204,0.17568,0.07109,0.077586,0.19725,0.077586,0.069182,0.13907,0.14375,0.15544,0.06135,0.08,0.14535,0.072961
BCX4430,0.18478,0.20213,0.18072,0.045802,0.049383,0.10345,0.10843,0.052632,0.087719,0.082569,0.073077,0.12766,0.09,0.083916,0.0625,0.067416,0.054645,0.063694,1,0.05,0.051852,0.083969,0.097902,0.041958,0.082645,0.064,0.025,0.066202,0.025907,0.068182,0.10219,0.096296,0.042328,0.1087,0.084906,0.056604,0.086538,0.046154,0.053846,0.06422,0.045,0.064,0.046154,0.063584,0.073298,0.057762,0.081081,0.088889,0.21429,0.11765,0.010638,0.079365,0.14167,0.06383,0.078431,0.067265,0.066176,0.07874,0.092857,0.091837,0.16867,0.062016,0.1,0.084211,0.091667,0.058577,0.096154,0.17857,0.069231,0.054422,0.073333,0.18391,0.18824,0.065327,0.125,0.072165,0.066176,0.068421,0.090909,0.11712,0.1028,0.066225,0.090361,0.011864,0.072993,0.090909,0.15854,0.10476,0.083871,0.073059,0.070064,0.042781,0.056338,0.051724,0.082192,0.21649,0.097345,0.10989,0.022989,0.18841,0.12329,0.24691,0.058824,0.062893,0.089431,0.044776,0.064815,0.084906,0.078431,0.12245,0.067961,0.046154,0.07767,0.069767,0.08,0.066667,0.072072,0.087719,0.080808,0.097087,0.11236,0.079545,0.057034,0.078571,0.070248,0.076923,0.067961,0.084034,0.10526,0.046512,0.086538,0.064516,0.062937,0.076923,0.084615,0.062016,0.15646,0.097826,0.25316,0.1066,0.072581,0.046512,0.054348,0.073034,0.092715,0.076087,0.074766,0.086331,0.14118,0.098901,0.07772,0.055118,0.22093,0.14173,0.12879,0.075342,0.054945,0.053435,0.060345,0.0625,0.053846,0.061947,0.13265,0.096774,0.084507,0.064,0.12621,0.14151,0.040984,0.091429,0.082237,0.064885,0.076923,0.069307,0.064286,0.10784,0.12903,0.18391,0.025641,0.07563,0.061728,0.082645,0.032491,0.061069,0.12329,0.16304,0.10714,0.07377,0.15385,0.18824,0.066038,0.10738,0.061798,0.06383,0.073864,0.048077,0.14433,0.10909,0.072848,0.037037,0.04918,0.15254,0.067797
berberine,0.040323,0.081301,0.053571,0.038869,0.029412,0.028571,0.037037,0.17647,0.16129,0.086614,0.083333,0.13514,0.18349,0.15132,0.1457,0.12903,0.092308,0.16149,0.05,1,0.031847,0.125,0.060317,0.030488,0.086331,0.11679,0.0625,0.041534,0.084577,0.16667,0.082278,0.063291,0.13613,0.070175,0.125,0.11864,0.13675,0.042857,0.10563,0.17241,0.095694,0.29661,0.042857,0.1087,0.125,0.068259,0.11801,0.14384,0.070175,0.19375,0.017699,0.14706,0.11348,0.1215,0.11111,0.14667,0.15385,0.20769,0.20979,0.16514,0.054054,0.097902,0.16071,0.10811,0.17969,0.070588,0.1453,0.10101,0.11972,0.10759,0.11728,0.051282,0.052174,0.099526,0.073529,0.055556,0.076389,0.1206,0.11304,0.066667,0.12195,0.13836,0.098361,0.0033058,0.13605,0.11828,0.064815,0.054264,0.16049,0.13333,0.2129,0.10256,0.11111,0.11538,0.092025,0.095238,0.125,0.16346,0.048077,0.051546,0.096774,0.034188,0.04712,0.14545,0.14925,0.15108,0.14407,0.14407,0.10119,0.15044,0.14035,0.042857,0.11966,0.06383,0.2381,0.056,0.05303,0.25217,0.058333,0.023077,0.11215,0.1165,0.10781,0.096154,0.10277,0.13725,0.12069,0.12879,0.050505,0.17424,0.17699,0.17829,0.15436,0.11888,0.12587,0.097902,0.098266,0.15238,0.025862,0.11215,0.15038,0.037736,0.080808,0.098958,0.21711,0.16578,0.10619,0.10323,0.073394,0.13208,0.080569,0.10791,0.059322,0.10738,0.05625,0.14194,0.065744,0.15328,0.12598,0.12426,0.10563,0.12903,0.2243,0.15556,0.15232,0.15038,0.070866,0.068182,0.049808,0.14674,0.097484,0.079422,0.17273,0.10798,0.083333,0.031008,0.059322,0.042373,0.0071942,0.15625,0.10983,0.14394,0.081272,0.032468,0.040816,0.076271,0.090909,0.048611,0.05042,0.052174,0.13675,0.069364,0.045,0.12245,0.066327,0.066116,0.20183,0.16393,0.1375,0.073171,0.057143,0.1223,0.055556
betulinic acid,0.058394,0.064286,0.015152,0.047297,0.09009,0.071038,0.032258,0.035294,0.019108,0.1,0.067797,0.092308,0.021127,0.032432,0.044199,0.1133,0.050459,0.051813,0.051852,0.031847,1,0.078788,0.057402,0.16352,0.050314,0.03681,0.14563,0.062112,0.073394,0.011429,0.056497,0.063584,0.044843,0.037594,0.02027,0.02069,0.020548,0.051195,0.023669,0.027027,0.047009,0.083333,0.051195,0.032864,0.090498,0.085809,0.071038,0.057803,0.061538,0.061538,0.048,0.068323,0.10191,0.0074074,0.05036,0.083004,0.052326,0.054878,0.086207,0.028777,0.039062,0.23571,0.1145,0.069231,0.012121,0.058608,0.020408,0.044643,0.029412,0.049451,0.064865,0.022059,0.062016,0.14286,0.20896,0.29101,0.055016,0.1381,0.014085,0.24031,0.019868,0.047872,0.085,0.011513,0.051724,0.0084034,0.039683,0.093525,0.009901,0.11066,0.0625,0.054795,0.075145,0.057971,0.14793,0.062069,0.045752,0.045802,0.12613,0,0.053571,0.07874,0.19337,0.067708,0.12583,0.08642,0.086331,0.02027,0.11667,0.05036,0.028169,0.051195,0.042553,0.12712,0.11236,0.096296,0.28099,0.045752,0.051471,0.1374,0,0,0.10563,0.1,0.096654,0.091954,0.020979,0.057692,0.016949,0.03012,0.020548,0.02439,0.05618,0.053892,0.053571,0.10897,0.067358,0.014815,0.08,0.12389,0.011976,0.095652,0.045455,0.091346,0.069149,0.11962,0.13675,0.080925,0.039062,0.014925,0.1564,0.030303,0.029197,0.04023,0.051136,0.048913,0.055375,0.048193,0.0063291,0.03,0.023669,0.012987,0.020833,0.061728,0.055556,0.049689,0.034014,0.039735,0.046931,0.091346,0.06414,0.05,0.083004,0.15068,0.10778,0.087591,0.052239,0.022059,0.012987,0.018634,0.061224,0.077419,0.025478,0.54867,0.035088,0.014184,0.18519,0.25564,0.06015,0.070312,0.013605,0.19643,0.14213,0.053571,0.125,0.17886,0.020833,0.07483,0.042105,0.184,0.20588,0.10968,0.13065
Bictegravir,0.12403,0.15504,0.080645,0.072664,0.070796,0.071038,0.07563,0.11392,0.11111,0.13235,0.125,0.10938,0.14173,0.15758,0.14545,0.13568,0.070093,0.21557,0.083969,0.125,0.078788,1,0.083591,0.10778,0.084416,0.090323,0.072727,0.092652,0.083333,0.079268,0.14024,0.12883,0.12019,0.13115,0.070922,0.049645,0.11194,0.076923,0.054878,0.093525,0.09375,0.16552,0.076923,0.1,0.12617,0.11525,0.12644,0.15823,0.15966,0.13115,0.015504,0.56364,0.16107,0.079365,0.14961,0.13223,0.16026,0.18493,0.14545,0.1626,0.16667,0.13072,0.168,0.10317,0.098684,0.11154,0.10294,0.13592,0.12903,0.1369,0.11299,0.077519,0.13223,0.15888,0.14894,0.09417,0.10135,0.16019,0.14286,0.13475,0.076923,0.13873,0.12435,0.0057236,0.10909,0.10092,0.12931,0.093525,0.12707,0.15319,0.17919,0.155,0.10059,0.11168,0.16168,0.13235,0.13475,0.11382,0.041667,0.044248,0.12381,0.12295,0.08,0.10811,0.26866,0.15033,0.14394,0.16154,0.1686,0.14961,0.15873,0.076923,0.11364,0.090164,0.13793,0.088235,0.099291,0.15108,0.11719,0.087591,0.054688,0.056452,0.15018,0.16149,0.11742,0.19497,0.065693,0.13793,0.034483,0.089172,0.16406,0.090909,0.14634,0.21379,0.13462,0.15333,0.1016,0.096,0.10656,0.14414,0.090323,0.067797,0.074766,0.1407,0.14857,0.15842,0.13675,0.14024,0.15652,0.096774,0.12442,0.055901,0.068182,0.083832,0.069364,0.10286,0.10959,0.12258,0.11189,0.13812,0.054878,0.098592,0.097015,0.31298,0.15152,0.14189,0.085714,0.090278,0.066176,0.18848,0.092814,0.097561,0.14644,0.16129,0.14907,0.095588,0.16529,0.077519,0.012987,0.12329,0.14286,0.12838,0.073333,0.07362,0.1028,0.075188,0.17647,0.084416,0.16529,0.15126,0.07971,0.1044,0.11386,0.15122,0.081731,0.098485,0.080882,0.14493,0.11236,0.080292,0.11565,0.21986,0.081731
